600.0
448.110100 193.903338
478.593277 311.948634
270.898084 261.256462
176.120326 552.867997
346.550151 35.684549
559.477208 359.492242
315.832010 132.623539
52.421642 364.939293
539.308494 373.163319
353.231024 294.506824
49.462086 192.504049
83.103477 166.943434
50.862026 2.992101
389.552096 352.725701
341.009536 159.312664
97.242456 568.460946
306.321088 66.189413
439.934213 113.684182
98.297011 480.464782
417.148529 2.215734
14.259320 589.708407
597.894336 304.894984
195.127949 598.523986
541.246783 3.903614
109.541032 121.499062
119.782828 561.040656
519.210485 68.264948
116.839456 223.209656
514.740058 111.407856
122.270827 228.026928
174.219467 51.995714
573.842239 530.858379
28.743348 240.258460
182.608754 451.740558
219.590421 470.482923
540.588350 136.540317
1.133740 449.457445
37.749463 541.355627
81.639194 236.823835
512.794279 582.558828
0.944981 373.468685
328.429969 347.031776
519.601064 350.608907
596.780825 428.040889
238.383276 227.499945
84.305352 141.848508
380.182982 179.718613
498.043353 188.555577
448.108735 152.745880
196.228708 447.818793
324.222781 207.098346
276.264886 245.984042
92.670745 571.530756
71.770799 195.826288
459.049102 69.855012
537.865761 393.484634
94.690828 254.694933
20.073235 159.329439
560.135623 68.019219
287.183771 230.397111
456.386847 353.568640
462.128938 151.676547
315.643658 70.316722
407.378325 371.929423
275.032251 598.877027
12.583451 226.875362
177.446552 94.292932
492.152488 388.471049
212.944155 418.920039
29.151245 73.661075
552.229789 388.134073
299.386738 339.376579
430.593919 479.370958
575.740221 542.706308
216.260585 191.529089
447.777974 316.063106
341.434118 297.037337
495.378724 596.817060
387.420571 502.915567
127.577739 359.265550
97.035478 329.928108
39.038400 523.958126
38.095529 130.453923
546.523219 265.293251
261.127742 295.970640
446.446844 202.951934
582.515676 254.073216
182.054997 146.131901
481.137942 22.721283
424.983748 561.694453
422.140528 475.932551
460.914984 358.234384
515.820123 280.413526
422.754257 317.731951
182.681801 86.641702
437.218718 164.844349
527.570032 0.687167
541.933411 41.042304
26.358372 424.584886
590.095291 46.696241
