600.0
147.989538 336.909508
41.632205 348.898442
4.010400 112.207078
81.573179 179.856891
150.804759 151.147335
132.822981 319.640265
121.839518 109.982062
118.080997 497.951584
137.128383 246.026853
76.205414 83.689803
171.997778 52.596263
19.561884 465.964459
65.422945 402.789671
134.889810 583.862829
240.941357 130.515172
103.964892 170.368576
234.537389 168.350067
208.910882 376.417096
54.653911 321.797192
134.962608 10.408618
139.623134 488.207220
90.806680 66.586007
227.320819 26.098473
33.325370 322.520115
210.734564 446.815957
9.643526 361.531772
121.398797 35.433050
14.827425 220.214907
60.285636 11.509715
208.408870 174.311775
82.752570 412.782112
137.106929 358.026786
140.534642 26.069630
174.693949 162.451766
289.530586 599.646137
212.901759 78.110870
287.268855 450.033163
19.588140 434.719919
228.451623 423.633711
222.082850 548.090499
100.861033 389.836433
274.706797 509.695089
187.174168 227.180617
229.907034 448.745568
190.869623 17.883609
52.274583 159.723465
226.420394 288.493074
93.911279 320.135816
85.354531 425.637468
188.186027 523.857074
270.526690 455.808980
216.870095 24.752897
81.080372 6.824537
62.965298 223.367873
230.092582 466.070529
178.238108 336.295114
285.778999 516.848910
270.547008 563.431471
45.399883 369.102413
251.499571 12.658405
78.643262 104.508109
279.799940 454.573883
214.274006 28.389057
89.846759 261.737385
90.223850 562.105140
108.715553 237.475246
143.059305 419.544719
37.609087 458.630184
177.901068 390.050102
106.183174 144.724257
134.380257 597.570224
99.854836 322.840879
148.103451 22.045503
211.273752 283.117056
0.360461 553.990113
77.587363 514.073250
151.445075 106.948589
134.953979 170.094175
264.971237 534.963797
250.957670 355.209488
151.953410 293.404922
184.152766 207.909610
294.181772 141.464730
267.915185 541.067828
46.559715 113.346434
123.101832 429.125404
67.582606 82.621112
270.718696 241.532745
286.023665 110.448226
141.872405 397.025711
80.154449 3.311934
267.729224 357.651329
223.464208 309.637442
277.029766 94.544181
237.854050 357.112254
132.906768 239.289836
191.668540 473.748217
104.327662 585.298020
185.689199 245.681243
290.432788 522.944039
