600.0
14.158398744347902 3.1083333948914333
0.5850258193090092 0.8357778287419724
0.610018608625006 17.85494513160067
2.3036644195050577 0.4017497847427597
0.5477417353593719 1.590906753969246
26.144743115137192 44.642894864868886
74.26435515998956 0.15786013216389466
7.7098467433831726 41.07092638363805
125.72593822875656 45.61447109776063
19.42815149608689 0.01572137521147473
0.7357508703812209 20.47838690890135
126.86215571788473 75.52791733058898
0.770260209514169 16.21245480845965
0.04766272868579111 36.680407628256184
0.4388133129881786 82.67135387920668
3.493069029394748 1.55325645746141
13.566144276122916 18.668065644776487
5.843772303780441 28.141840897441266
6.689073845824613 3.5508238203881226
7.162942777594743 0.022481816402296767
69.95058207260598 2.8278840039264406
9.042248357022409 93.4414485438585
36.71298528221771 0.52493230053136
4.358469494054021 16.061361153523208
6.982855531322088 0.2732700817998692
1.6536743965582206 9.316859788442034
3.796950845645275 12.71196395144077
1.0868818910767144 0.0377869824393796
0.43303410578053053 1.1903393568102836
1.0265656092963482 2.8944046009512876
1.305775184283762 45.209248074894504
8.846684196378524 6.243924493332055
46.012756118034 0.16082387308784182
178.35252091660197 84.83687735240754
3.2796565803863356 0.4572347642479882
27.432945864060873 12.47394779056232
3.79569346366991 0.45615318967165025
88.77099552073334 0.2488504347917977
91.07574163618358 43.103736892201866
0.7220774076555276 32.31648427973476
0.2407500762609174 1.2201741300504276
0.7925911183101928 24.487086929109587
1.1799630372647063 4.891234426430091
9.227982552756858 4.950605886403765
4.257211640782943 88.81191722316409
16.825803175561596 3.5598503909632515
2.990608849621203 11.517657182305221
2.16887354683816 4.826975809318169
0.05889562211732049 47.18614206404566
14.357537079827726 69.79072479716173
2.8633009457078966 5.19566355448256
0.29085061590227007 0.5525501308476133
0.8427835501789437 0.5109420520119845
57.71989788526068 55.808388754622555
3.919272278975107 0.2515037200954735
0.09608593583650547 3.4378843036441866
9.336276265550266 11.243594409602183
4.42294961960827 0.04171739425082286
0.7561573771077399 14.942505904968948
0.11972959888668602 0.47924809800993295
47.23289849117707 0.002861109609447416
6.910395281260691 28.97555775438915
29.431310667176664 19.010032059421093
0.13532235478682225 2.6544763861090206
0.03202476560128308 0.46766089375382863
0.4979699601699363 0.8608214828375631
19.392906888377194 10.176190850713091
59.464173948864875 12.824298301842914
25.12922322976933 7.490303300061207E-4
89.67273865443792 12.277068563355167
14.075442192094638 0.6298784153388401
0.3293234918989967 7.841146368409496
2.97093304990483 1.1673555039823513
0.7135303513554947 11.968584340362753
0.2550753995092897 2.04694539420501
11.593154236209195 10.346242164980277
0.04272781915426978 3.5098989639002185
0.7141976666783116 56.291234025809835
10.522448809066002 2.812920033271974
3.680355581914754 7.804861322212451
8.547665015310603 53.30257209174469
23.884290222908163 1.578399680023801
0.46174965821305397 21.528229703315468
0.9100958719963018 6.642646211925337
23.658833391972255 3.3540035806260504
24.020796072896857 14.311934495453286
4.7983730537688 72.73901097713869
7.479137836711448 9.47551303895219
23.178016777312116 105.87229457307745
8.030486282231283 2.551227614646385
26.130883618062732 3.6976947099446624
1.7480413754152428 3.8024783633813297
11.1600793957018 2.00276788297663
18.841854118527625 0.8760299206499165
0.39069582824642723 52.44792803845408
65.26598600949829 41.18602169255668
20.46727465671695 1.4941520742240828
3.2382342975361027 27.930662105203538
11.332296500036765 2.3705721317877875
0.016475482624910928 30.48450777928862
67.93447389931987 17.664910322102795
4.007261554153755 0.8095826472419971
39.71860551249737 2.5817501769872204
16.283028097759694 102.43797587058967
1.9222660171562025 0.3723637138528441
8.729377681291245 36.23663509645593
0.40289071728810194 47.71634342604667
5.939261966332971 59.356044953967846
7.2481151494565745 1.4952195318881611
0.9368999282881468 1.3273454938333018
8.15753396491876 8.726881215411511
41.86251067267372 17.193003531948534
8.457513965412316 27.677601627838374
0.045060140565882166 3.0717242581770496
30.592374435808495 4.408988985357353
5.338496661498436 0.044399471929598554
8.096378879956447 2.6993523594342097
11.888915546753223 27.987225062143878
6.244968678048366 0.6163594740763165
10.206044194354984 5.450599175078922
0.6042308428431754 0.5498779809662669
9.196186284552278 5.65956602476763
1.6600645658245514 8.298093291631625
2.6907117287541165 137.94154084962585
1.669548742545621 24.92535532446594
0.39135018933286503 0.06412254906194818
1.3110542788066424 16.756127456240666
13.47651607182797 167.98737238406505
0.10008718277451123 0.12290156403306048
0.3204554244167435 50.220750275610165
0.4903956889149544 4.144511123851662
0.25492392230136 47.45673358315925
14.153979337087392 3.137951629966826
78.35974369665482 0.009933125834514613
39.71100360357665 2.1376597704584586
3.453949648574067 20.91386372644453
0.03895484101478886 14.303207981837405
5.137403540464177 0.5656787102390438
50.27276853404954 6.532599351179145
7.811405976606383 4.907949532461483
2.0195158265604658E-5 0.143223010663581
2.617897985066739 0.5108131896668155
0.7273974418746851 58.566493849426124
11.698670982229277 48.934531209295116
1.0694152848891632 2.688024601034558
0.13475526543686778 0.9187751678707115
1.130930111206503 10.892364728369262
59.47037993365263 0.20132763485131244
27.79153971335597 0.11561071181140371
5.2167996429968495 78.25550907228124
17.296982702769277 7.448641484615249
12.615857908693126 139.85670556239134
0.14856842624469957 131.39757440756674
2.486853765694893 6.834326833964476
3.1317692170320965 91.66157391648288
1.5664862133722326 0.17103181225871242
0.2126480595429457 1.3503436018849095
25.260260277373213 5.924134133014672
174.51758023462577 0.10427215487399683
2.5796218527092534 55.08016058451334
8.163412140670356 2.2025766336167685
11.108329181521531 43.44733948454942
6.7552963489348405 9.920215234549685
0.2600174563952903 67.1125294561259
0.5077142857009929 1.4578390029599424
0.029116375315570476 3.3532858350852233
0.022478921001598578 0.11864681217670961
115.33867340054681 0.3080153430121365
10.603342855032386 0.9347276353183807
0.06061636693956826 1.242446152148661
2.6068830058256953 0.7723247315645823
5.3807995964675905 6.445981307714555
17.497108524651424 1.2651764155844585
0.15069689767637842 5.39987008313592
2.864119465919706 0.034208741771039525
3.3095223069170214 4.086591885219988
30.67870778058688 5.980778176549725
86.5859128314075 30.176212856789267
14.583263809949363 6.081805209186923
1.031656570265358 7.568678721172573
58.79126904788404 34.58196442702694
16.320011099882567 54.84928509274368
0.2156338119365297 9.53372940072615
9.52968078201627 5.744085791246593
0.2723926439603398 42.9370153956815
0.18908115266860223 38.4663914160461
1.0250697458629299 3.342579667706009
3.1707558110779623 3.4785388680871474
14.348258940444147 16.967370403237624
83.21667164921278 0.007243430832402636
7.743558023388696 191.1119340790318
17.024078774552862 23.834360986122554
105.52462411321854 3.213841077899316
2.7463830766449218 3.2331695927129713
2.0292469036539327E-4 0.09634781006349384
113.61582966577845 5.121399440885541
84.36014928743204 9.379256734829807
0.10080694444083672 2.8256527639022386
0.45914459046987394 0.30477214203245934
16.117613065491103 6.846595166419581
0.16427016609217038 0.3333923213481149
0.04302754459977371 0.627324311611497
13.954105741817914 0.22278618026772215
4.245212308490147 6.213732533564291
0.472356387774876 0.962923033184805
7.991087901433549 3.666410662686243
5.4424566929052265 0.9648667536489125
7.073506951587453 12.798455561745062
45.48310987075502 0.00601454545339098
0.18334274313569224 24.45749361528642
6.026203042462104 3.0821218091857148
1.1053447010499182 0.24153750354091627
2.6705003436767645 70.05479241989634
112.22835755905584 0.24205657577884018
11.353295344432723 0.07384031697194955
46.85943622710876 19.510434383443073
2.0629839531862864 0.140851970127246
79.82277560915803 5.999125277446531
5.445810817997765 468.89557874225795
1.2791786287142493 117.90680732625583
39.674120852018774 6.400115360869058
94.09274828773034 0.1975153172553709
0.5909017128625619 31.550281919437808
2.8789537251689934 0.5458848465657488
15.340924701917059 7.791042772014992
18.033252760714316 70.7755977901543
0.2996365894373334 0.3953261972371498
0.5456792511935968 17.258652507894805
0.23401488461627834 143.8209122711784
2.591350831497726 4.205688822764381
21.948128583384346 30.82163103617129
31.95759285379551 2.6696152260715174
5.343197688433058 9.825777659001576
0.2580271845842016 0.2632094966190121
13.288027373989994 0.23709292069868587
40.669025378362335 1.2379225255787203
1.343233992169351 10.876858887116141
4.933857955730873 0.3338691583435117
23.959739914452992 0.9865873689814866
0.09085998823796099 0.2995678641862229
3.946142517067123 26.48619338908709
21.03338781182375 11.177645485174068
211.06503532507668 8.206116628104734
54.28485381746777 1.5233056129643807
0.9373585025834074 13.117362012639676
8.305201606360372 18.596797063315396
15.184958100434018 1.8016318213755678
4.616192372818752 5.5103984049127295
0.2696397249174671 74.46116776071463
13.891469145388434 9.75608427283661